x_width:40
y_width:40
x_player_start:0
y_player_start:0
walls
1,1
3,1
5,1
7,1
9,1
11,1
13,1
15,1
17,1
19,1
21,1
23,1
25,1
27,1
29,1
31,1
33,1
35,1
37,1
39,1
1,3
3,3
5,3
7,3
9,3
11,3
13,3
15,3
17,3
19,3
21,3
23,3
25,3
27,3
29,3
31,3
33,3
35,3
37,3
39,3
1,5
3,5
5,5
7,5
9,5
11,5
13,5
15,5
17,5
19,5
21,5
23,5
25,5
27,5
29,5
31,5
33,5
35,5
37,5
39,5
1,7
3,7
5,7
7,7
9,7
11,7
13,7
15,7
17,7
19,7
21,7
23,7
25,7
27,7
29,7
31,7
33,7
35,7
37,7
39,7
1,9
3,9
5,9
7,9
9,9
11,9
13,9
15,9
17,9
19,9
21,9
23,9
25,9
27,9
29,9
31,9
33,9
35,9
37,9
39,9
1,11
3,11
5,11
7,11
9,11
11,11
13,11
15,11
17,11
19,11
21,11
23,11
25,11
27,11
29,11
31,11
33,11
35,11
37,11
39,11
1,13
3,13
5,13
7,13
9,13
11,13
13,13
15,13
17,13
19,13
21,13
23,13
25,13
27,13
29,13
31,13
33,13
35,13
37,13
39,13
1,15
3,15
5,15
7,15
9,15
11,15
13,15
15,15
17,15
19,15
21,15
23,15
25,15
27,15
29,15
31,15
33,15
35,15
37,15
39,15
1,17
3,17
5,17
7,17
9,17
11,17
13,17
15,17
17,17
19,17
21,17
23,17
25,17
27,17
29,17
31,17
33,17
35,17
37,17
39,17
1,19
3,19
5,19
7,19
9,19
11,19
13,19
15,19
17,19
19,19
21,19
23,19
25,19
27,19
29,19
31,19
33,19
35,19
37,19
39,19
1,21
3,21
5,21
7,21
9,21
11,21
13,21
15,21
17,21
19,21
21,21
23,21
25,21
27,21
29,21
31,21
33,21
35,21
37,21
39,21
1,23
3,23
5,23
7,23
9,23
11,23
13,23
15,23
17,23
19,23
21,23
23,23
25,23
27,23
29,23
31,23
33,23
35,23
37,23
39,23
1,25
3,25
5,25
7,25
9,25
11,25
13,25
15,25
17,25
19,25
21,25
23,25
25,25
27,25
29,25
31,25
33,25
35,25
37,25
39,25
1,27
3,27
5,27
7,27
9,27
11,27
13,27
15,27
17,27
19,27
21,27
23,27
25,27
27,27
29,27
31,27
33,27
35,27
37,27
39,27
1,29
3,29
5,29
7,29
9,29
11,29
13,29
15,29
17,29
19,29
21,29
23,29
25,29
27,29
29,29
31,29
33,29
35,29
37,29
39,29
1,31
3,31
5,31
7,31
9,31
11,31
13,31
15,31
17,31
19,31
21,31
23,31
25,31
27,31
29,31
31,31
33,31
35,31
37,31
39,31
1,33
3,33
5,33
7,33
9,33
11,33
13,33
15,33
17,33
19,33
21,33
23,33
25,33
27,33
29,33
31,33
33,33
35,33
37,33
39,33
1,35
3,35
5,35
7,35
9,35
11,35
13,35
15,35
17,35
19,35
21,35
23,35
25,35
27,35
29,35
31,35
33,35
35,35
37,35
39,35
1,37
3,37
5,37
7,37
9,37
11,37
13,37
15,37
17,37
19,37
21,37
23,37
25,37
27,37
29,37
31,37
33,37
35,37
37,37
39,37
1,39
3,39
5,39
7,39
9,39
11,39
13,39
15,39
17,39
19,39
21,39
23,39
25,39
27,39
29,39
31,39
33,39
35,39
37,39
3,4
27,20
38,23
1,38
5,8
36,33
31,16
34,23
29,18
6,9
33,8
8,5
31,26
34,21
14,23
18,21
15,16
7,26
10,17
30,29
29,34
35,30
3,36
11,34
20,13
7,6
17,12
16,9
15,28
27,16
18,15
36,27
35,10
36,29
32,23
18,19
20,17
10,3
12,21
14,13
6,7
8,1
17,16
0,5
16,21
32,21
28,23
25,24
9,6
29,10
30,15
3,34
23,2
19,30
25,28
3,22
29,24
0,23
8,21
14,25
23,20
22,17
27,14
38,25
33,28
22,5
6,13
29,12
1,12
30,31
20,27
23,4
32,5
0,15
9,30
21,10
4,25
29,26
34,17
18,1
32,13
35,22
14,9
23,6
25,4
26,9
30,11
35,38
4,19
23,32
27,8
35,36
17,14
12,33
1,30
5,32
14,35
31,36
0,11
12,7
37,6
32,29
16,17
5,22
36,19
37,12
34,31
19,2
28,1
2,29
6,27
12,1
16,19
18,5
17,6
14,15
1,2
14,21
27,32
35,4
27,6
9,26
2,17
17,2
7,30
30,5
35,2
9,24
27,36
9,8
15,32
37,32
8,33
24,31
8,3
13,0
13,38
3,10
28,25
3,14
29,36
36,7
14,3
11,6
19,38
21,32
30,21
2,19
26,21
9,28
32,37
4,21
11,12
27,26
26,33
3,0
19,4
25,14
31,14
22,19
24,9
21,8
22,23
25,12
16,33
26,35
7,14
4,17
34,13
19,24
31,20
12,31
13,8
32,7
9,12
37,34
32,25
4,7
15,38
16,37
12,25
15,12
2,35
6,23
22,1
8,15
37,14
20,31
12,11
6,17
13,36
26,27
10,21
34,25
10,19
30,9
0,31
38,11
15,22
33,16
4,13
2,21
9,4
33,0
30,3
14,7
17,32
33,34
36,11
13,2
34,11
21,28
11,16
9,38
32,31
28,11
17,26
21,6
24,13
32,1
7,18
21,14
16,25
20,7
32,27
37,26
31,2
8,37
12,19
16,1
20,9
24,29
29,38
21,26
20,25
14,11
7,34
1,28
11,38
11,32
17,28
9,16
8,29
5,2
28,5
21,22
25,16
0,3
33,20
29,0
37,38
1,34
23,14
14,19
34,19
18,23
23,30
17,34
18,13
12,29
16,5
13,20
26,19
20,23
18,35
4,15
22,11
38,21
28,13
34,27
38,1
29,6
1,24
6,11
32,15
17,0
5,0
38,17
0,21
35,14
26,15
13,28
31,18
17,30
26,29
22,37
16,11
2,9
7,36
25,22
4,31
1,6
18,29
22,31
4,11
10,5
22,35
12,9
7,24
37,36
24,37
19,12
32,35
3,32
6,21
19,28
32,3
16,7
24,27
1,18
18,33
27,10
23,22
26,1
6,5
28,19
6,25
31,6
3,2
32,11
28,35
16,27
5,12
23,0
33,38
2,27
26,7
10,23
27,34
37,30
1,20
14,27
5,16
24,19
13,10
12,17
29,20
8,13
36,1
11,26
14,5
10,25
21,4
5,34
38,3
9,36
23,36
6,37
26,3
36,9
32,33
9,32
6,33
23,26
5,30
7,2
23,18
35,6
25,2
25,36
13,34
specials
39, 39, green, 1, False
