x_width:40
y_width:40
x_player_start:0
y_player_start:0
walls
1,1
3,1
5,1
7,1
9,1
11,1
13,1
15,1
17,1
19,1
21,1
23,1
25,1
27,1
29,1
31,1
33,1
35,1
37,1
39,1
1,3
3,3
5,3
7,3
9,3
11,3
13,3
15,3
17,3
19,3
21,3
23,3
25,3
27,3
29,3
31,3
33,3
35,3
37,3
39,3
1,5
3,5
5,5
7,5
9,5
11,5
13,5
15,5
17,5
19,5
21,5
23,5
25,5
27,5
29,5
31,5
33,5
35,5
37,5
39,5
1,7
3,7
5,7
7,7
9,7
11,7
13,7
15,7
17,7
19,7
21,7
23,7
25,7
27,7
29,7
31,7
33,7
35,7
37,7
39,7
1,9
3,9
5,9
7,9
9,9
11,9
13,9
15,9
17,9
19,9
21,9
23,9
25,9
27,9
29,9
31,9
33,9
35,9
37,9
39,9
1,11
3,11
5,11
7,11
9,11
11,11
13,11
15,11
17,11
19,11
21,11
23,11
25,11
27,11
29,11
31,11
33,11
35,11
37,11
39,11
1,13
3,13
5,13
7,13
9,13
11,13
13,13
15,13
17,13
19,13
21,13
23,13
25,13
27,13
29,13
31,13
33,13
35,13
37,13
39,13
1,15
3,15
5,15
7,15
9,15
11,15
13,15
15,15
17,15
19,15
21,15
23,15
25,15
27,15
29,15
31,15
33,15
35,15
37,15
39,15
1,17
3,17
5,17
7,17
9,17
11,17
13,17
15,17
17,17
19,17
21,17
23,17
25,17
27,17
29,17
31,17
33,17
35,17
37,17
39,17
1,19
3,19
5,19
7,19
9,19
11,19
13,19
15,19
17,19
19,19
21,19
23,19
25,19
27,19
29,19
31,19
33,19
35,19
37,19
39,19
1,21
3,21
5,21
7,21
9,21
11,21
13,21
15,21
17,21
19,21
21,21
23,21
25,21
27,21
29,21
31,21
33,21
35,21
37,21
39,21
1,23
3,23
5,23
7,23
9,23
11,23
13,23
15,23
17,23
19,23
21,23
23,23
25,23
27,23
29,23
31,23
33,23
35,23
37,23
39,23
1,25
3,25
5,25
7,25
9,25
11,25
13,25
15,25
17,25
19,25
21,25
23,25
25,25
27,25
29,25
31,25
33,25
35,25
37,25
39,25
1,27
3,27
5,27
7,27
9,27
11,27
13,27
15,27
17,27
19,27
21,27
23,27
25,27
27,27
29,27
31,27
33,27
35,27
37,27
39,27
1,29
3,29
5,29
7,29
9,29
11,29
13,29
15,29
17,29
19,29
21,29
23,29
25,29
27,29
29,29
31,29
33,29
35,29
37,29
39,29
1,31
3,31
5,31
7,31
9,31
11,31
13,31
15,31
17,31
19,31
21,31
23,31
25,31
27,31
29,31
31,31
33,31
35,31
37,31
39,31
1,33
3,33
5,33
7,33
9,33
11,33
13,33
15,33
17,33
19,33
21,33
23,33
25,33
27,33
29,33
31,33
33,33
35,33
37,33
39,33
1,35
3,35
5,35
7,35
9,35
11,35
13,35
15,35
17,35
19,35
21,35
23,35
25,35
27,35
29,35
31,35
33,35
35,35
37,35
39,35
1,37
3,37
5,37
7,37
9,37
11,37
13,37
15,37
17,37
19,37
21,37
23,37
25,37
27,37
29,37
31,37
33,37
35,37
37,37
39,37
1,39
3,39
5,39
7,39
9,39
11,39
13,39
15,39
17,39
19,39
21,39
23,39
25,39
27,39
29,39
31,39
33,39
35,39
37,39
0,37
25,24
20,23
37,28
16,9
30,27
8,25
16,29
17,28
18,17
35,20
4,31
34,25
33,2
26,25
24,19
20,25
15,20
9,16
16,19
15,12
14,11
31,32
25,26
20,11
22,9
22,11
29,16
7,12
37,16
21,36
19,12
28,25
36,29
8,21
22,27
18,25
29,4
36,11
3,34
31,26
13,36
13,4
14,25
21,16
5,32
6,17
1,18
13,32
36,35
13,28
19,8
32,1
34,33
35,30
17,18
16,23
29,34
11,12
15,32
11,36
23,10
34,3
34,29
13,18
22,3
37,6
28,19
25,6
24,17
28,35
32,29
19,16
8,35
8,15
25,10
34,11
36,37
27,14
37,32
5,12
16,31
38,25
30,35
16,3
3,8
8,31
21,20
23,34
4,23
20,1
36,13
12,27
12,1
23,28
27,6
35,0
3,36
30,13
3,22
35,18
17,14
33,26
2,9
15,36
13,0
31,14
12,31
36,15
10,31
6,23
24,31
14,1
21,26
5,18
8,13
15,8
11,10
6,9
25,2
30,19
18,5
5,36
30,33
27,38
27,0
29,6
21,34
8,27
12,29
7,4
33,22
13,20
6,5
13,14
33,38
5,2
37,18
3,14
20,5
31,8
34,9
7,2
33,24
10,29
25,34
14,23
35,4
10,15
2,7
11,30
11,4
17,32
9,18
4,27
6,29
3,28
29,30
32,13
25,36
13,8
29,26
37,36
16,35
20,31
16,25
10,23
7,32
8,3
18,29
19,32
30,23
22,33
15,26
2,15
33,18
24,1
28,31
10,33
10,1
0,19
14,7
12,7
28,33
34,13
9,24
20,29
23,26
24,35
31,24
11,34
7,36
14,27
9,28
4,21
8,37
1,24
2,31
27,16
2,19
0,11
31,28
18,7
30,5
15,34
8,5
6,13
9,14
36,19
32,11
12,17
18,15
20,9
27,22
27,8
21,32
28,15
22,1
13,6
28,7
13,24
0,25
5,10
2,3
33,6
30,29
20,13
9,20
7,18
32,15
13,12
33,10
8,7
26,5
25,12
3,4
17,20
27,10
37,30
3,38
32,5
29,22
29,14
4,7
4,13
4,19
24,23
8,23
1,30
1,22
33,30
18,21
19,36
27,32
28,21
5,26
31,10
25,28
23,38
0,5
26,21
15,4
32,17
4,35
28,27
9,12
21,22
4,25
22,7
19,4
24,13
23,4
18,13
36,9
15,16
20,27
22,29
7,6
32,23
4,11
35,24
20,3
1,34
36,33
20,35
37,14
6,15
32,19
16,1
1,14
24,21
2,27
38,19
37,2
22,15
29,10
28,9
8,1
26,35
37,24
34,7
32,3
24,15
1,6
29,0
14,19
25,20
34,5
10,5
2,35
3,18
33,36
12,37
11,24
30,37
9,10
22,13
16,37
7,38
26,15
31,6
31,38
27,20
1,4
19,20
15,6
11,8
25,32
2,1
27,4
24,7
36,7
26,1
31,20
4,3
2,21
35,28
16,5
1,26
12,21
15,18
19,22
17,2
38,35
38,21
37,0
7,34
37,34
28,29
1,12
38,9
11,20
3,2
12,15
17,12
18,31
25,16
1,32
5,28
11,38
11,16
specials
39, 39, green, 1, False
